43
C.carcharias_LOC121279912_chromodomain_Ylike_protein_2_isoform_X2 0.0000000 0.3907624 0.3581637 0.3384669 0.3348301 0.3216819 0.3284305 0.3044958 0.3078145 0.5576158 0.5591848 0.5173420 0.9434655 1.4371546 1.4371546 1.3776201 1.3776201 0.9377108 0.9327512 0.9213477 0.9395841 0.9234532 0.9061800 0.9388532 0.9198261 1.1281858 1.0297039 1.0225312 1.0530206 2.6936406 2.2733796 3.2958174 3.4121683 3.0878224 3.1592279 2.8140345 2.8354976 3.2294245 3.1028957 2.7944248 2.8275836 3.2393367 3.1038508 
X.laevis_cdyl2.S_chromodomain_Ylike_protein_2                     0.3907624 0.0000000 0.0756623 0.3161738 0.2825306 0.2810379 0.2735593 0.2605601 0.2569825 0.5530308 0.5492611 0.5176160 1.0071912 1.4871766 1.4871766 1.4432616 1.4432616 1.0497942 0.9967193 1.0003434 1.0235881 1.0043580 0.9916229 1.0214275 1.0368494 1.1886870 1.1404670 1.0827647 1.0941053 2.8179622 2.2479510 3.0912403 3.2312001 2.9098748 2.9460538 2.6158920 2.6877629 3.1925970 2.9674060 2.8393463 2.6686500 3.1270064 3.0246275 
X.laevis_cdyl2.L_chromodomain_Ylike_protein_2                     0.3581637 0.0756623 0.0000000 0.2759316 0.2411199 0.2354102 0.2361366 0.2281665 0.2251232 0.5351626 0.5277285 0.4853578 0.9674407 1.4571152 1.4571152 1.4099642 1.4099642 1.0205176 0.9516683 0.9659177 0.9903716 0.9647707 0.9489945 0.9901293 1.0052661 1.1406551 1.1023321 1.0391734 1.0520496 2.7484136 2.1941594 3.0675724 3.1695035 2.8737501 2.9078916 2.5745146 2.6133412 3.1945687 2.9089362 2.8060992 2.6524479 3.0911253 2.9852445 
H.sapiens_CDYL2_chromodomain_Ylike_protein_2_isoform_X1           0.3384669 0.3161738 0.2759316 0.0000000 0.0588495 0.0548370 0.1640785 0.1703751 0.1769230 0.5176837 0.5066612 0.4710963 1.0746023 1.4791497 1.4791497 1.4189492 1.4189492 1.0704424 0.9929346 0.9891021 1.0145178 0.9736950 0.9714679 1.0333074 1.0469511 1.2200325 1.1061682 1.0994684 1.1316675 2.7825146 2.3919314 3.3599192 3.3278667 3.0920474 3.0348276 2.7199706 2.8064809 3.2956317 2.9875617 2.8476830 2.8061417 3.2810359 3.2287329 
E.caballus_CDYL2_chromodomain_Ylike_protein_2                     0.3348301 0.2825306 0.2411199 0.0588495 0.0000000 0.0409782 0.1551565 0.1460725 0.1506069 0.4801824 0.4837735 0.4500035 0.9534744 1.4658284 1.4658284 1.4069794 1.4069794 1.0076886 0.9573159 0.9482439 0.9856862 0.9454809 0.9444104 0.9862665 0.9951875 1.1884032 1.0622389 1.0394850 1.0820109 2.7530556 2.4096715 3.2612866 3.1561021 3.0134279 2.9644081 2.7082121 2.7424269 3.3071714 2.9454181 2.8450146 2.7693049 3.2265304 3.1174939 
F.catus_CDYL2_chromodomain_Ylike_protein_2                        0.3216819 0.2810379 0.2354102 0.0548370 0.0409782 0.0000000 0.1476052 0.1448193 0.1565273 0.4872434 0.4901715 0.4494061 0.9673256 1.4541208 1.4541208 1.3955927 1.3955927 1.0135833 0.9822301 0.9614021 0.9992145 0.9531669 0.9520843 0.9920975 1.0010298 1.2071029 1.0695838 1.0603946 1.0909677 2.7425870 2.4346941 3.3018990 3.1705753 2.9878777 2.9573888 2.6880319 2.7228650 3.2979171 2.9572950 2.8373240 2.7804547 3.2647161 3.1433285 
S.townsendi_CDYL2_chromodomain_Ylike_protein_2_isoform_X2         0.3284305 0.2735593 0.2361366 0.1640785 0.1551565 0.1476052 0.0000000 0.0839004 0.0978645 0.4650821 0.4788748 0.4460456 0.8894048 1.3855079 1.3855079 1.3306998 1.3306998 0.9300831 0.9028749 0.9019486 0.9207407 0.8678858 0.8673829 0.9099385 0.9170771 1.1025139 1.0428296 1.0005446 1.0439082 2.6206421 2.3783789 3.1575644 3.1219599 2.9010737 2.9096081 2.6813851 2.7111007 3.1734235 2.9053419 2.7650682 2.6993671 3.1403720 3.0111997 
C.mydas_CDYL2_chromodomain_Ylike_protein_2_isoform_X1             0.3044958 0.2605601 0.2281665 0.1703751 0.1460725 0.1448193 0.0839004 0.0000000 0.0450309 0.4579094 0.4848974 0.4418288 0.8728363 1.3684849 1.3684849 1.3144238 1.3144238 0.9202927 0.8775788 0.8638201 0.8956257 0.8627948 0.8605606 0.8997488 0.8983847 1.0961032 1.0206131 0.9608245 1.0076360 2.6154348 2.3452637 3.1284821 3.1231844 2.8898586 2.8771523 2.6409303 2.6718487 3.2039493 2.9181091 2.7866366 2.6887562 3.1318972 2.9952833 
G.gallus_CDYL2_chromodomain_Ylike_protein_2_isoform_X1            0.3078145 0.2569825 0.2251232 0.1769230 0.1506069 0.1565273 0.0978645 0.0450309 0.0000000 0.4666416 0.4874904 0.4438832 0.8499412 1.3470529 1.3470529 1.2938297 1.2938297 0.8903187 0.8415350 0.8402738 0.8695466 0.8403288 0.8338417 0.8718709 0.8705534 1.0651612 1.0125384 0.9564898 0.9958360 2.6407399 2.2886127 3.1230909 3.1290532 2.8995821 2.8898225 2.6395008 2.6706756 3.1459693 2.8079534 2.7522532 2.6266052 3.1282737 3.0185493 
G.aculeatus_LOC120830797_chromodomain_Ylike_protein_2             0.5576158 0.5530308 0.5351626 0.5176837 0.4801824 0.4872434 0.4650821 0.4579094 0.4666416 0.0000000 0.2799883 0.2857023 1.0610154 1.4698355 1.4698355 1.4017768 1.4017768 1.1143359 1.0996986 1.0722320 1.1067890 1.0275144 1.0222046 1.0778905 1.0908461 1.2570860 1.2327065 1.1552754 1.1688553 2.7619060 2.4439991 3.2637240 3.3751397 2.9368913 3.0510155 2.7924691 2.8586010 3.4698695 3.0231138 2.8514176 2.7254782 3.2855531 3.0470552 
S.salar_LOC106562298_chromodomain_Ylike_protein_2                 0.5591848 0.5492611 0.5277285 0.5066612 0.4837735 0.4901715 0.4788748 0.4848974 0.4874904 0.2799883 0.0000000 0.0265112 1.0967024 1.5921035 1.5921035 1.5162374 1.5162374 1.1797259 1.1738001 1.1109520 1.1508639 1.0886701 1.0716774 1.1483417 1.1553514 1.2833882 1.2641568 1.2301026 1.2549328 2.7902891 2.6165958 3.3159433 3.5006754 3.2952015 3.4231623 3.0704017 3.1159153 3.5709240 3.1528320 3.0794220 2.8053871 3.3176565 3.1854532 
S.salar_LOC106587457_chromodomain_Ylike_protein_2                 0.5173420 0.5176160 0.4853578 0.4710963 0.4500035 0.4494061 0.4460456 0.4418288 0.4438832 0.2857023 0.0265112 0.0000000 1.0130259 1.4595952 1.4595952 1.3862866 1.3862866 1.0928697 1.0802266 1.0395495 1.0653199 1.0028724 0.9925353 1.0647522 1.0789717 1.2464592 1.1846634 1.1320566 1.1606661 2.6952678 2.6044907 3.2038388 3.3622192 3.1969541 3.3216559 2.9511809 3.0007188 3.4195329 3.0247591 2.9547073 2.6897555 3.1849022 3.0993972 
S.townsendi_CDYL_chromodomain_Ylike_protein                       0.9434655 1.0071912 0.9674407 1.0746023 0.9534744 0.9673256 0.8894048 0.8728363 0.8499412 1.0610154 1.0967024 1.0130259 0.0000000 0.6626022 0.6626022 0.6303361 0.6303361 0.2218217 0.2588864 0.2122225 0.2010110 0.0648545 0.0711929 0.1828341 0.1777335 0.6525067 0.4725097 0.4357705 0.4604233 2.5928174 2.3294781 2.7209312 2.7362790 2.6444572 2.6993209 2.3397135 2.4510334 2.7908086 2.5466015 2.4458196 2.3677627 2.6864939 2.6005239 
H.sapiens_CDY1B_testisspecific_chromodomain_protein_Y_1_isoform_b 1.4371546 1.4871766 1.4571152 1.4791497 1.4658284 1.4541208 1.3855079 1.3684849 1.3470529 1.4698355 1.5921035 1.4595952 0.6626022 0.0000000 0.0000010 0.0381108 0.0381108 0.5692454 0.8006579 0.7691745 0.7610428 0.6371551 0.6198617 0.5777676 0.5566575 1.2896832 1.0884943 1.0843811 1.1095726 2.8338802 2.3767464 3.1381987 3.2799678 2.9588863 3.0332152 2.6874178 2.8719018 3.2093493 2.9240731 2.8537006 2.7612601 3.1408062 2.9109033 
H.sapiens_CDY1_testisspecific_chromodomain_protein_Y_1_isoform_b  1.4371546 1.4871766 1.4571152 1.4791497 1.4658284 1.4541208 1.3855079 1.3684849 1.3470529 1.4698355 1.5921035 1.4595952 0.6626022 0.0000010 0.0000000 0.0381108 0.0381108 0.5692454 0.8006579 0.7691745 0.7610428 0.6371551 0.6198617 0.5777676 0.5566575 1.2896832 1.0884943 1.0843811 1.1095726 2.8338802 2.3767464 3.1381987 3.2799678 2.9588863 3.0332152 2.6874178 2.8719018 3.2093493 2.9240731 2.8537006 2.7612601 3.1408062 2.9109033 
H.sapiens_CDY2B_testisspecific_chromodomain_protein_Y_2           1.3776201 1.4432616 1.4099642 1.4189492 1.4069794 1.3955927 1.3306998 1.3144238 1.2938297 1.4017768 1.5162374 1.3862866 0.6303361 0.0381108 0.0381108 0.0000000 0.0000010 0.5416562 0.7426161 0.7290908 0.7179073 0.6036235 0.5870548 0.5498438 0.5295176 1.2685545 1.0157451 1.0120698 1.0517666 2.7563392 2.3319743 3.1278553 3.2036814 2.9443990 2.9463998 2.6474429 2.7785722 3.1570160 2.8665175 2.8230264 2.7007530 3.0415541 2.8966292 
H.sapiens_CDY2A_testisspecific_chromodomain_protein_Y_2           1.3776201 1.4432616 1.4099642 1.4189492 1.4069794 1.3955927 1.3306998 1.3144238 1.2938297 1.4017768 1.5162374 1.3862866 0.6303361 0.0381108 0.0381108 0.0000010 0.0000000 0.5416562 0.7426161 0.7290908 0.7179073 0.6036235 0.5870548 0.5498438 0.5295176 1.2685545 1.0157451 1.0120698 1.0517666 2.7563392 2.3319743 3.1278553 3.2036814 2.9443990 2.9463998 2.6474429 2.7785722 3.1570160 2.8665175 2.8230264 2.7007530 3.0415541 2.8966292 
H.sapiens_CDYL_chromodomain_Ylike_protein_isoform_e               0.9377108 1.0497942 1.0205176 1.0704424 1.0076886 1.0135833 0.9300831 0.9202927 0.8903187 1.1143359 1.1797259 1.0928697 0.2218217 0.5692454 0.5692454 0.5416562 0.5416562 0.0000000 0.2964527 0.2465351 0.2350512 0.1253279 0.1196584 0.0758662 0.0702141 0.6928206 0.5001500 0.4896883 0.5117174 2.6947302 2.4122961 2.7313225 2.8189397 2.6975172 2.6847457 2.3605997 2.4873423 2.8196220 2.4582246 2.3490812 2.4267217 2.6955229 2.5743435 
C.carcharias_cdyl_chromodomain_Ylike_protein_isoform_X2           0.9327512 0.9967193 0.9516683 0.9929346 0.9573159 0.9822301 0.9028749 0.8775788 0.8415350 1.0996986 1.1738001 1.0802266 0.2588864 0.8006579 0.8006579 0.7426161 0.7426161 0.2964527 0.0000000 0.2824186 0.2837687 0.2377476 0.2325706 0.2875057 0.2930085 0.6998200 0.4896514 0.4856397 0.5215901 2.6377994 2.3099288 2.8970844 2.9310761 2.8507416 2.9603419 2.5350590 2.6357739 3.3528326 2.7983422 2.6926007 2.6276803 2.7577004 2.7254335 
X.laevis_cdyl.S_chromodomain_Ylike_protein_isoform_X2             0.9213477 1.0003434 0.9659177 0.9891021 0.9482439 0.9614021 0.9019486 0.8638201 0.8402738 1.0722320 1.1109520 1.0395495 0.2122225 0.7691745 0.7691745 0.7290908 0.7290908 0.2465351 0.2824186 0.0000000 0.0506801 0.2070738 0.1927147 0.2369751 0.2328129 0.6484635 0.4477449 0.4577925 0.4785725 2.5827723 2.4007075 2.8488060 2.7367401 2.6098655 2.7115201 2.4210511 2.5077807 2.7871657 2.4552822 2.3862619 2.3816425 2.8155332 2.6173382 
X.laevis_cdyl.L_chromodomain_Ylike_protein                        0.9395841 1.0235881 0.9903716 1.0145178 0.9856862 0.9992145 0.9207407 0.8956257 0.8695466 1.1067890 1.1508639 1.0653199 0.2010110 0.7610428 0.7610428 0.7179073 0.7179073 0.2350512 0.2837687 0.0506801 0.0000000 0.1921805 0.1796404 0.2219932 0.2242432 0.6227507 0.4542723 0.4526183 0.4687582 2.6494715 2.4267545 2.8712525 2.8175514 2.6506265 2.7995720 2.4661946 2.5521500 2.8879897 2.5417687 2.4497049 2.4788388 2.8447633 2.6558945 
C.mydas_CDYL_chromodomain_Ylike_protein                           0.9234532 1.0043580 0.9647707 0.9736950 0.9454809 0.9531669 0.8678858 0.8627948 0.8403288 1.0275144 1.0886701 1.0028724 0.0648545 0.6371551 0.6371551 0.6036235 0.6036235 0.1253279 0.2377476 0.2070738 0.1921805 0.0000000 0.0326908 0.1270836 0.1217797 0.6278773 0.4529285 0.4225031 0.4464185 2.6068525 2.3664150 2.7642498 2.7074799 2.6390479 2.7307407 2.3478585 2.4343562 2.8808657 2.5131562 2.4319723 2.4035185 2.7079318 2.6090005 
G.gallus_CDYL_chromodomain_Ylike_protein_isoform_X1               0.9061800 0.9916229 0.9489945 0.9714679 0.9444104 0.9520843 0.8673829 0.8605606 0.8338417 1.0222046 1.0716774 0.9925353 0.0711929 0.6198617 0.6198617 0.5870548 0.5870548 0.1196584 0.2325706 0.1927147 0.1796404 0.0326908 0.0000000 0.1214269 0.1160886 0.6210961 0.4412119 0.4116940 0.4368215 2.6381556 2.3333290 2.7165937 2.7047830 2.5996881 2.7165802 2.3471280 2.4335873 2.8231003 2.4271085 2.4121432 2.3823956 2.6777760 2.5624582 
E.caballus_CDYL_chromodomain_Ylike_protein_isoform_X1             0.9388532 1.0214275 0.9901293 1.0333074 0.9862665 0.9920975 0.9099385 0.8997488 0.8718709 1.0778905 1.1483417 1.0647522 0.1828341 0.5777676 0.5777676 0.5498438 0.5498438 0.0758662 0.2875057 0.2369751 0.2219932 0.1270836 0.1214269 0.0000000 0.0356549 0.6730813 0.4856211 0.4683199 0.4979117 2.7033008 2.3887776 2.7257077 2.7582371 2.6883628 2.6823495 2.3496335 2.4716687 2.8146240 2.4560286 2.3770640 2.4115419 2.7018624 2.5540702 
F.catus_CDYL_chromodomain_Ylike_protein_isoform_X6                0.9198261 1.0368494 1.0052661 1.0469511 0.9951875 1.0010298 0.9170771 0.8983847 0.8705534 1.0908461 1.1553514 1.0789717 0.1777335 0.5566575 0.5566575 0.5295176 0.5295176 0.0702141 0.2930085 0.2328129 0.2242432 0.1217797 0.1160886 0.0356549 0.0000000 0.6852642 0.4876528 0.4810800 0.5038949 2.7015557 2.3849882 2.7237208 2.7780522 2.6802000 2.6798724 2.3648274 2.4724972 2.8301375 2.4545008 2.3650486 2.3970696 2.7108905 2.5747070 
G.aculeatus_cdyl_chromodomain_Ylike_protein_isoform_X1            1.1281858 1.1886870 1.1406551 1.2200325 1.1884032 1.2071029 1.1025139 1.0961032 1.0651612 1.2570860 1.2833882 1.2464592 0.6525067 1.2896832 1.2896832 1.2685545 1.2685545 0.6928206 0.6998200 0.6484635 0.6227507 0.6278773 0.6210961 0.6730813 0.6852642 0.0000000 0.4846922 0.4574384 0.4774793 2.8456954 2.5667765 2.9642274 3.0827852 2.9977481 3.0886240 2.6986494 2.8278339 3.2088191 2.7776707 2.7300639 2.5134994 2.9380764 2.7632845 
D.rerio_cdyl_chromodomain_Ylike_protein                           1.0297039 1.1404670 1.1023321 1.1061682 1.0622389 1.0695838 1.0428296 1.0206131 1.0125384 1.2327065 1.2641568 1.1846634 0.4725097 1.0884943 1.0884943 1.0157451 1.0157451 0.5001500 0.4896514 0.4477449 0.4542723 0.4529285 0.4412119 0.4856211 0.4876528 0.4846922 0.0000000 0.2988520 0.3097075 2.6978849 2.3633246 2.8879502 2.7858978 2.8318465 2.8660966 2.4630227 2.5933261 2.9726059 2.5877257 2.5385539 2.4832048 2.8145847 2.6700969 
S.salar_LOC106568662_chromodomain_Ylike_protein_isoform_X2        1.0225312 1.0827647 1.0391734 1.0994684 1.0394850 1.0603946 1.0005446 0.9608245 0.9564898 1.1552754 1.2301026 1.1320566 0.4357705 1.0843811 1.0843811 1.0120698 1.0120698 0.4896883 0.4856397 0.4577925 0.4526183 0.4225031 0.4116940 0.4683199 0.4810800 0.4574384 0.2988520 0.0000000 0.1232275 2.7482138 2.4607737 2.7206394 2.7483379 2.6806110 2.7658944 2.4602650 2.5773317 2.8591090 2.5526387 2.4754520 2.4779088 2.6440424 2.5820565 
S.salar_LOC106597143_chromodomain_Ylike_protein                   1.0530206 1.0941053 1.0520496 1.1316675 1.0820109 1.0909677 1.0439082 1.0076360 0.9958360 1.1688553 1.2549328 1.1606661 0.4604233 1.1095726 1.1095726 1.0517666 1.0517666 0.5117174 0.5215901 0.4785725 0.4687582 0.4464185 0.4368215 0.4979117 0.5038949 0.4774793 0.3097075 0.1232275 0.0000000 2.7391007 2.4698692 2.7110124 2.6861129 2.5957598 2.8048359 2.3908612 2.4992743 2.8524409 2.5351446 2.4193591 2.4371248 2.6247896 2.5615347 
X.laevis_eci3.L_enoylCoA_delta_isomerase_2_isoform_X1             2.6936406 2.8179622 2.7484136 2.7825146 2.7530556 2.7425870 2.6206421 2.6154348 2.6407399 2.7619060 2.7902891 2.6952678 2.5928174 2.8338802 2.8338802 2.7563392 2.7563392 2.6947302 2.6377994 2.5827723 2.6494715 2.6068525 2.6381556 2.7033008 2.7015557 2.8456954 2.6978849 2.7482138 2.7391007 0.0000000 1.0146416 1.2588371 1.1405528 1.2443410 1.2222533 1.1153987 1.2239653 1.0600310 1.1167129 1.0785092 0.9355263 1.0970923 1.1518254 
S.townsendi_ECI2_enoylCoA_delta_isomerase_2                       2.2733796 2.2479510 2.1941594 2.3919314 2.4096715 2.4346941 2.3783789 2.3452637 2.2886127 2.4439991 2.6165958 2.6044907 2.3294781 2.3767464 2.3767464 2.3319743 2.3319743 2.4122961 2.3099288 2.4007075 2.4267545 2.3664150 2.3333290 2.3887776 2.3849882 2.5667765 2.3633246 2.4607737 2.4698692 1.0146416 0.0000000 0.8566677 0.7456145 0.8284172 0.7926324 0.7790508 0.8065573 0.6903884 0.7069125 0.7159247 0.8219198 0.8373852 0.8829854 
F.catus_ECI2_enoylCoA_delta_isomerase_2_isoform_X2                3.2958174 3.0912403 3.0675724 3.3599192 3.2612866 3.3018990 3.1575644 3.1284821 3.1230909 3.2637240 3.3159433 3.2038388 2.7209312 3.1381987 3.1381987 3.1278553 3.1278553 2.7313225 2.8970844 2.8488060 2.8712525 2.7642498 2.7165937 2.7257077 2.7237208 2.9642274 2.8879502 2.7206394 2.7110124 1.2588371 0.8566677 0.0000000 0.7836947 0.7141061 0.7873141 0.6102397 0.7112761 0.5882516 0.6538597 0.6212659 0.6268487 0.3414112 0.2582666 
C.carcharias_eci2_enoylCoA_delta_isomerase_2_mitochondrial        3.4121683 3.2312001 3.1695035 3.3278667 3.1561021 3.1705753 3.1219599 3.1231844 3.1290532 3.3751397 3.5006754 3.3622192 2.7362790 3.2799678 3.2799678 3.2036814 3.2036814 2.8189397 2.9310761 2.7367401 2.8175514 2.7074799 2.7047830 2.7582371 2.7780522 3.0827852 2.7858978 2.7483379 2.6861129 1.1405528 0.7456145 0.7836947 0.0000000 0.5920380 0.5262094 0.4924695 0.5354004 0.5143892 0.6159586 0.6002054 0.5460353 0.8080207 0.6991701 
G.aculeatus_eci2_LOW_QUALITY_PROTEIN_enoylCoA_delta_isomerase_2_m 3.0878224 2.9098748 2.8737501 3.0920474 3.0134279 2.9878777 2.9010737 2.8898586 2.8995821 2.9368913 3.2952015 3.1969541 2.6444572 2.9588863 2.9588863 2.9443990 2.9443990 2.6975172 2.8507416 2.6098655 2.6506265 2.6390479 2.5996881 2.6883628 2.6802000 2.9977481 2.8318465 2.6806110 2.5957598 1.2443410 0.8284172 0.7141061 0.5920380 0.0000000 0.4142655 0.3137112 0.3496911 0.6189559 0.6686531 0.6657433 0.6270443 0.8305975 0.7045597 
D.rerio_eci2_enoylCoA_delta_isomerase_2_mitochondrial             3.1592279 2.9460538 2.9078916 3.0348276 2.9644081 2.9573888 2.9096081 2.8771523 2.8898225 3.0510155 3.4231623 3.3216559 2.6993209 3.0332152 3.0332152 2.9463998 2.9463998 2.6847457 2.9603419 2.7115201 2.7995720 2.7307407 2.7165802 2.6823495 2.6798724 3.0886240 2.8660966 2.7658944 2.8048359 1.2222533 0.7926324 0.7873141 0.5262094 0.4142655 0.0000000 0.2247063 0.2849094 0.5149310 0.5563932 0.5795608 0.5270002 0.8935759 0.6802832 
S.salar_eci2_enoylCoA_delta_isomerase_2_mitochondrial             2.8140345 2.6158920 2.5745146 2.7199706 2.7082121 2.6880319 2.6813851 2.6409303 2.6395008 2.7924691 3.0704017 2.9511809 2.3397135 2.6874178 2.6874178 2.6474429 2.6474429 2.3605997 2.5350590 2.4210511 2.4661946 2.3478585 2.3471280 2.3496335 2.3648274 2.6986494 2.4630227 2.4602650 2.3908612 1.1153987 0.7790508 0.6102397 0.4924695 0.3137112 0.2247063 0.0000000 0.0547401 0.4618090 0.5060574 0.5068641 0.5311188 0.7139004 0.5903098 
S.salar_LOC106590083_enoylCoA_delta_isomerase_2                   2.8354976 2.6877629 2.6133412 2.8064809 2.7424269 2.7228650 2.7111007 2.6718487 2.6706756 2.8586010 3.1159153 3.0007188 2.4510334 2.8719018 2.8719018 2.7785722 2.7785722 2.4873423 2.6357739 2.5077807 2.5521500 2.4343562 2.4335873 2.4716687 2.4724972 2.8278339 2.5933261 2.5773317 2.4992743 1.2239653 0.8065573 0.7112761 0.5354004 0.3496911 0.2849094 0.0547401 0.0000000 0.4969337 0.5905844 0.5771408 0.5466548 0.7368943 0.6097202 
C.mydas_ECI2_enoylCoA_delta_isomerase_2_isoform_X1                3.2294245 3.1925970 3.1945687 3.2956317 3.3071714 3.2979171 3.1734235 3.2039493 3.1459693 3.4698695 3.5709240 3.4195329 2.7908086 3.2093493 3.2093493 3.1570160 3.1570160 2.8196220 3.3528326 2.7871657 2.8879897 2.8808657 2.8231003 2.8146240 2.8301375 3.2088191 2.9726059 2.8591090 2.8524409 1.0600310 0.6903884 0.5882516 0.5143892 0.6189559 0.5149310 0.4618090 0.4969337 0.0000000 0.3674107 0.3746751 0.4018747 0.5981504 0.5041687 
G.gallus_ECI2_enoylCoA_delta_isomerase_2_isoform_X4               3.1028957 2.9674060 2.9089362 2.9875617 2.9454181 2.9572950 2.9053419 2.9181091 2.8079534 3.0231138 3.1528320 3.0247591 2.5466015 2.9240731 2.9240731 2.8665175 2.8665175 2.4582246 2.7983422 2.4552822 2.5417687 2.5131562 2.4271085 2.4560286 2.4545008 2.7776707 2.5877257 2.5526387 2.5351446 1.1167129 0.7069125 0.6538597 0.6159586 0.6686531 0.5563932 0.5060574 0.5905844 0.3674107 0.0000000 0.4366242 0.4397161 0.6265269 0.5430975 
S.townsendi_LOC125439329_enoylCoA_delta_isomerase_2like_isoform_X 2.7944248 2.8393463 2.8060992 2.8476830 2.8450146 2.8373240 2.7650682 2.7866366 2.7522532 2.8514176 3.0794220 2.9547073 2.4458196 2.8537006 2.8537006 2.8230264 2.8230264 2.3490812 2.6926007 2.3862619 2.4497049 2.4319723 2.4121432 2.3770640 2.3650486 2.7300639 2.5385539 2.4754520 2.4193591 1.0785092 0.7159247 0.6212659 0.6002054 0.6657433 0.5795608 0.5068641 0.5771408 0.3746751 0.4366242 0.0000000 0.4827346 0.6415685 0.5482709 
X.laevis_eci2.L_enoylCoA_delta_isomerase_2_L_homeolog_isoform_X1  2.8275836 2.6686500 2.6524479 2.8061417 2.7693049 2.7804547 2.6993671 2.6887562 2.6266052 2.7254782 2.8053871 2.6897555 2.3677627 2.7612601 2.7612601 2.7007530 2.7007530 2.4267217 2.6276803 2.3816425 2.4788388 2.4035185 2.3823956 2.4115419 2.3970696 2.5134994 2.4832048 2.4779088 2.4371248 0.9355263 0.8219198 0.6268487 0.5460353 0.6270443 0.5270002 0.5311188 0.5466548 0.4018747 0.4397161 0.4827346 0.0000000 0.7011194 0.6399907 
E.caballus_ECI2_enoylCoA_delta_isomerase_2_mitochondrial          3.2393367 3.1270064 3.0911253 3.2810359 3.2265304 3.2647161 3.1403720 3.1318972 3.1282737 3.2855531 3.3176565 3.1849022 2.6864939 3.1408062 3.1408062 3.0415541 3.0415541 2.6955229 2.7577004 2.8155332 2.8447633 2.7079318 2.6777760 2.7018624 2.7108905 2.9380764 2.8145847 2.6440424 2.6247896 1.0970923 0.8373852 0.3414112 0.8080207 0.8305975 0.8935759 0.7139004 0.7368943 0.5981504 0.6265269 0.6415685 0.7011194 0.0000000 0.2969305 
H.sapiens_ECI2_enoylCoA_delta_isomerase_2_isoform_2               3.1038508 3.0246275 2.9852445 3.2287329 3.1174939 3.1433285 3.0111997 2.9952833 3.0185493 3.0470552 3.1854532 3.0993972 2.6005239 2.9109033 2.9109033 2.8966292 2.8966292 2.5743435 2.7254335 2.6173382 2.6558945 2.6090005 2.5624582 2.5540702 2.5747070 2.7632845 2.6700969 2.5820565 2.5615347 1.1518254 0.8829854 0.2582666 0.6991701 0.7045597 0.6802832 0.5903098 0.6097202 0.5041687 0.5430975 0.5482709 0.6399907 0.2969305 0.0000000 
